{
 "cells": [
  {
   "cell_type": "markdown",
   "id": "92232128",
   "metadata": {},
   "source": [
    "### 1. 데이터 로드를 통한 데이터 프레임 완성"
   ]
  },
  {
   "cell_type": "code",
   "execution_count": 1,
   "id": "668d6815",
   "metadata": {},
   "outputs": [
    {
     "data": {
      "text/html": [
       "<div>\n",
       "<style scoped>\n",
       "    .dataframe tbody tr th:only-of-type {\n",
       "        vertical-align: middle;\n",
       "    }\n",
       "\n",
       "    .dataframe tbody tr th {\n",
       "        vertical-align: top;\n",
       "    }\n",
       "\n",
       "    .dataframe thead th {\n",
       "        text-align: right;\n",
       "    }\n",
       "</style>\n",
       "<table border=\"1\" class=\"dataframe\">\n",
       "  <thead>\n",
       "    <tr style=\"text-align: right;\">\n",
       "      <th></th>\n",
       "      <th>name</th>\n",
       "      <th>genre</th>\n",
       "      <th>content</th>\n",
       "    </tr>\n",
       "  </thead>\n",
       "  <tbody>\n",
       "    <tr>\n",
       "      <th>0</th>\n",
       "      <td>올드보이</td>\n",
       "      <td>스릴러</td>\n",
       "      <td>술 좋아하고 떠들기 좋아하는 오.대.수. 본인의 이름풀이를 오늘만 대충 수습하며 살...</td>\n",
       "    </tr>\n",
       "    <tr>\n",
       "      <th>1</th>\n",
       "      <td>노트북</td>\n",
       "      <td>로맨스</td>\n",
       "      <td>17살, ‘노아’는 밝고 순수한 ‘앨리’를 보고 첫눈에 반한다. 빠른 속도로 서로에...</td>\n",
       "    </tr>\n",
       "    <tr>\n",
       "      <th>2</th>\n",
       "      <td>미션임파서블</td>\n",
       "      <td>액션</td>\n",
       "      <td>도난당한 핵무기를 되찾아 오는 위험천만한 작전 중, 에단 헌트(톰 크루즈)는 임무를...</td>\n",
       "    </tr>\n",
       "    <tr>\n",
       "      <th>3</th>\n",
       "      <td>니모를찾아서</td>\n",
       "      <td>애니메이션</td>\n",
       "      <td>“디즈니`픽사 최고의 애니메이션이 3D로 다시 찾아온다!” 호기심 가득한 아기 물고...</td>\n",
       "    </tr>\n",
       "    <tr>\n",
       "      <th>4</th>\n",
       "      <td>탑건</td>\n",
       "      <td>액션</td>\n",
       "      <td>해군 최신 전투기 F-14기를 모는 젊은 조종사 매버릭 대위(톰 크루즈)는 최고의 ...</td>\n",
       "    </tr>\n",
       "    <tr>\n",
       "      <th>5</th>\n",
       "      <td>친절한금자씨</td>\n",
       "      <td>스릴러</td>\n",
       "      <td>주변 사람들의 시선을 단번에 사로잡을 만큼 뛰어난 미모의 소유자인 금자(이영애)는 ...</td>\n",
       "    </tr>\n",
       "    <tr>\n",
       "      <th>6</th>\n",
       "      <td>반지의제왕</td>\n",
       "      <td>판타지</td>\n",
       "      <td>모든 힘을 지배할 악의 군주 ‘사우론’의 절대반지가 깨어나고 악의 세력이 세상을 지...</td>\n",
       "    </tr>\n",
       "    <tr>\n",
       "      <th>7</th>\n",
       "      <td>신세계</td>\n",
       "      <td>범죄</td>\n",
       "      <td>경찰청 수사 기획과 강과장(최민식)은 국내 최대 범죄 조직인 '골드문'이 기업형 조...</td>\n",
       "    </tr>\n",
       "    <tr>\n",
       "      <th>8</th>\n",
       "      <td>아저씨</td>\n",
       "      <td>NaN</td>\n",
       "      <td>불행한 사건으로 아내를 잃고 세상을 등진 채 전당포를 꾸려가며 외롭게 살아가는 전직...</td>\n",
       "    </tr>\n",
       "    <tr>\n",
       "      <th>9</th>\n",
       "      <td>해리포터</td>\n",
       "      <td>NaN</td>\n",
       "      <td>해리 포터(다니엘 래드클리프 분)는 위압적인 버논 숙부(리챠드 그리피스 분)와 냉담...</td>\n",
       "    </tr>\n",
       "    <tr>\n",
       "      <th>10</th>\n",
       "      <td>장고</td>\n",
       "      <td>NaN</td>\n",
       "      <td>아내를 구해야 하는 분노의 로맨티스트 ‘장고’ 그를 돕는 정의의 바운티 헌터 ‘닥터...</td>\n",
       "    </tr>\n",
       "    <tr>\n",
       "      <th>11</th>\n",
       "      <td>어바웃 타임</td>\n",
       "      <td>NaN</td>\n",
       "      <td>모태솔로 팀(돔놀 글리슨)은 성인이 된 날, 아버지(빌 나이)로부터 놀랄만한 가문의...</td>\n",
       "    </tr>\n",
       "    <tr>\n",
       "      <th>12</th>\n",
       "      <td>스타트렉</td>\n",
       "      <td>NaN</td>\n",
       "      <td>위험한 미션들을 무사히 수행한 후 평화롭게 우주를 항해하던 거대 함선 엔터프라이즈호...</td>\n",
       "    </tr>\n",
       "    <tr>\n",
       "      <th>13</th>\n",
       "      <td>트랜스포머</td>\n",
       "      <td>NaN</td>\n",
       "      <td>옵티머스 프라임은 더 이상 인간의 편이 아니다. 트랜스포머의 고향 사이버트론의 재건...</td>\n",
       "    </tr>\n",
       "    <tr>\n",
       "      <th>14</th>\n",
       "      <td>지금만나러갑니다</td>\n",
       "      <td>NaN</td>\n",
       "      <td>비가 오는 날 다시 돌아오겠다는 믿기 힘든 약속을 남기고 세상을 떠난 ‘수아’. 그...</td>\n",
       "    </tr>\n",
       "    <tr>\n",
       "      <th>15</th>\n",
       "      <td>007 노타임투다이</td>\n",
       "      <td>액션</td>\n",
       "      <td>MI6를 떠난 이후 ‘매들린’(레아 세이두)과 평화로운 일상을 즐기던 ‘제임스 본드...</td>\n",
       "    </tr>\n",
       "    <tr>\n",
       "      <th>16</th>\n",
       "      <td>인터스텔라</td>\n",
       "      <td>NaN</td>\n",
       "      <td>세계 각국의 정부와 경제가 완전히 붕괴된 미래가 다가온다. 지난 20세기에 범한 잘...</td>\n",
       "    </tr>\n",
       "    <tr>\n",
       "      <th>17</th>\n",
       "      <td>스타워즈</td>\n",
       "      <td>NaN</td>\n",
       "      <td>더욱 강력해진 포스로 돌아온 ‘레이’는 전 우주를 어둠의 힘으로 지배하려는 ‘카일로...</td>\n",
       "    </tr>\n",
       "  </tbody>\n",
       "</table>\n",
       "</div>"
      ],
      "text/plain": [
       "          name  genre                                            content\n",
       "0         올드보이    스릴러  술 좋아하고 떠들기 좋아하는 오.대.수. 본인의 이름풀이를 오늘만 대충 수습하며 살...\n",
       "1          노트북    로맨스  17살, ‘노아’는 밝고 순수한 ‘앨리’를 보고 첫눈에 반한다. 빠른 속도로 서로에...\n",
       "2       미션임파서블     액션  도난당한 핵무기를 되찾아 오는 위험천만한 작전 중, 에단 헌트(톰 크루즈)는 임무를...\n",
       "3       니모를찾아서  애니메이션  “디즈니`픽사 최고의 애니메이션이 3D로 다시 찾아온다!” 호기심 가득한 아기 물고...\n",
       "4           탑건     액션  해군 최신 전투기 F-14기를 모는 젊은 조종사 매버릭 대위(톰 크루즈)는 최고의 ...\n",
       "5       친절한금자씨    스릴러  주변 사람들의 시선을 단번에 사로잡을 만큼 뛰어난 미모의 소유자인 금자(이영애)는 ...\n",
       "6        반지의제왕    판타지  모든 힘을 지배할 악의 군주 ‘사우론’의 절대반지가 깨어나고 악의 세력이 세상을 지...\n",
       "7          신세계     범죄  경찰청 수사 기획과 강과장(최민식)은 국내 최대 범죄 조직인 '골드문'이 기업형 조...\n",
       "8          아저씨    NaN  불행한 사건으로 아내를 잃고 세상을 등진 채 전당포를 꾸려가며 외롭게 살아가는 전직...\n",
       "9         해리포터    NaN  해리 포터(다니엘 래드클리프 분)는 위압적인 버논 숙부(리챠드 그리피스 분)와 냉담...\n",
       "10          장고    NaN  아내를 구해야 하는 분노의 로맨티스트 ‘장고’ 그를 돕는 정의의 바운티 헌터 ‘닥터...\n",
       "11      어바웃 타임    NaN  모태솔로 팀(돔놀 글리슨)은 성인이 된 날, 아버지(빌 나이)로부터 놀랄만한 가문의...\n",
       "12        스타트렉    NaN  위험한 미션들을 무사히 수행한 후 평화롭게 우주를 항해하던 거대 함선 엔터프라이즈호...\n",
       "13       트랜스포머    NaN  옵티머스 프라임은 더 이상 인간의 편이 아니다. 트랜스포머의 고향 사이버트론의 재건...\n",
       "14    지금만나러갑니다    NaN  비가 오는 날 다시 돌아오겠다는 믿기 힘든 약속을 남기고 세상을 떠난 ‘수아’. 그...\n",
       "15  007 노타임투다이     액션  MI6를 떠난 이후 ‘매들린’(레아 세이두)과 평화로운 일상을 즐기던 ‘제임스 본드...\n",
       "16       인터스텔라    NaN  세계 각국의 정부와 경제가 완전히 붕괴된 미래가 다가온다. 지난 20세기에 범한 잘...\n",
       "17        스타워즈    NaN  더욱 강력해진 포스로 돌아온 ‘레이’는 전 우주를 어둠의 힘으로 지배하려는 ‘카일로..."
      ]
     },
     "execution_count": 1,
     "metadata": {},
     "output_type": "execute_result"
    }
   ],
   "source": [
    "import pandas as pd\n",
    "\n",
    "data = pd.read_csv('data2.csv')\n",
    "data"
   ]
  },
  {
   "cell_type": "markdown",
   "id": "ead50c4f",
   "metadata": {},
   "source": [
    "### 2. 형태소 분석기를 이용하여 단어 토큰화 작업 후 TF-IDF를 계산"
   ]
  },
  {
   "cell_type": "code",
   "execution_count": 2,
   "id": "602cded5",
   "metadata": {},
   "outputs": [
    {
     "data": {
      "text/plain": [
       "['좋아하고 떠들기 좋아하는 본인 이름 풀이 오늘 대충 수습 하며 살자 라고 이죽거리는 남자 아내 어린 딸아이 가진 지극히 평범한 샐러리맨 이다 어느 거나 하게 취해 돌아가는 존재 없는 누군가 에게 납치 사설 감금 갇히게 되는데 언뜻 보면 싸구려 호텔 연상 하는 감금 중국집 만두 만을 먹으며 평이 라는 제한 공간 에서 있는 일이 라곤 텔레비전 보는 전부 그렇게 1년 지났을 무렵 뉴스 통해 나오는 아내 살해 소식 게다가 아내 살인 으로 자신 지목 되고 대수 자살 감행 지만 죽는 조차 에겐 용납 되지 않는다 대수 복수 위해 체력 단련 비롯 자신 가둘만 사람 사건 모조리 기억 에서 꺼내 악행 자서전 기록 한다 한편 탈출 위해 감금 한쪽 구석 젓가락 으로 파기 하는데 .. 감금 15년 맞이 하는 마침내 사람 하나 빠져나갈 만큼의 탈출 구가 생겼을 어이없게도 15년 납치 됐던 바로 장소 풀려나 있는 자신 발견 하게 된다 우연히 들른 일식집 에서 갑자기 정신 잃어버린 대수 보조 요리사 미도 으로 가게 되고 미도 대수 에게 연민 에서 시작 사랑 감정 키워 나가게 된다 한편 감금 에서 먹던 만두 에서 나온 청룡 이란 전표 하나로 찾아낸 7.5 감금 정체 찾아내고 ... 마침내 대면 하는 복수심 으로 들끓는 대수 에게 우진 너무나 냉정하게 게임 제안 한다 자신 가둔 이유 5일 밝혀내면 스스로 죽어주겠다는 대수 지독한 비밀 풀기 위해 사랑 하는 연인 미도 잃지 않기 위해 5일 간의 긴박한 수수께끼 풀어 나가야 한다 도대체 이우진 누구 이며 이우진 대수 15년 동안 이나 감금 이유 밝혀진 비밀 남자 운명 과연 어떻게 되는 일까',\n",
       " '17 노아 밝고 순수한 앨리 보고 반한다 빠른 속도 서로 에게 빠져드는 그러나 놓인 장벽 막혀 이별 하게 된다 24 앨리 우연히 신문 에서 노아 소식 하고 잊을 없는 첫사랑 에서 다시 선택 서게 되는데 일곱 설렘 스물넷 아픈 기억 그리고 마지막 까지 사람 지극히 사랑 했으니 인생 성공한 인생 입니다',\n",
       " '도난 핵무기 되찾아 오는 위험천만 작전 에단 헌트 크루즈 임무 포기 하고 목숨 하는 선택 한다 이제 핵무기 문명 무너 뜨리 사악한 테러 조직 넘어갔다 세계 멸망 시킬 재앙 막기 위해 세계 최강 스파이 기관 IMF 에단 헌트 정예 요원 사이먼 페크 메스 레베카 퍼거슨 숙명 라이벌 중앙 정보 CIA 상급 요원 헨리 불편한 동맹 맺어야만 한다 이보 불가능한 미션 없었다 역대 최대 규모 최강 액션 기대하라',\n",
       " '디즈니 픽사 최고 애니메이션 다시 찾아온다 호기심 가득한 아기 물고기 니모 인간 에게 납치 되자 아들 바보 아빠 말린 상상 초월 위험 사리 있는 바다로 아들 하기 모험 떠난다 건망증 심한 수다 쟁이 물고기 도리 함께 떠나는 모험 에서 말린 과연 아들 해낼 있을까 세계 사랑 최고 모험 펼쳐진다 BONUS STORY 토이 스토리 NEW 에피소드 파티 공룡 렉스 최초 공개 됩니다 친구 사이 에서 항상 분위기 망치는 인물 지목 받는 불쌍한 렉스 하지만 주인 보니가 목욕 시간 데려가자 렉스 욕실 분위기 메이커 파티 공룡 으로 새롭게 탄생 하는데',\n",
       " '해군 최신 전투기 14 기를 젊은 조종사 매버릭 대위 크루즈 최고 실력 자부 하는 파일럿 으로 정예 전투기 조종사 양성 하는 탑건 훈련 학교 입학 하게 된다 그리고 에서 생도 교육 담당 하는 항공 물리학 전문가 찰리 켈리 맥길 리스 사랑 빠진다 그러나 비행 훈련 도중 매버릭 몰던 전투기 제트 기류 빠지면서 엔진 고장 일으키고 함께 탈출 시도 하던 파트너 구즈 목숨 잃게 된다 의문 사고 돌아가신 전투기 조종사 였던 아버지 대한 상처 이해 유일한 친구 구즈 죽음 충격 빠진 매버릭 파일럿 연인 과의 사랑 모두 포기 하려 하는데 ...',\n",
       " '주변 사람 시선 단번 사로잡을 만큼 뛰어난 미모 소유자 이영애 스무 짓고 감옥 가게 된다 어린 나이 너무나 아름다운 외모 인해 검거 되는 순간 에도 언론 유명 치른다 13년 동안 교도소 복역 하면서 누구 보다 성실하고 모범 수감 생활 보내는 친절한 자씨 라는 교도소 에서 마저 유명 떨치던 그녀 에게 사람 붙여 별명 이다 그녀 자신 주변 사람 열심히 도와주며 13년 간의 복역 생활 무사히 마친다 소하 순간 동안 자신 치밀하게 준비 해온 복수 계획 펼쳐 보인다 그녀 복수 하려는 인물 자신 죄인 으로 만든 백선생 최민식 ). 교도소 생활 동안 그녀 친절 베풀며 왔던 동료 이제 다양한 방법 으로 복수 돕는다 백선생 과연 13년 사이 에는 무슨 일이 있었고 복수 하려는 이유 무엇 일까 그리고 복수 어떻게 인가',\n",
       " '모든 지배 악의 군주 사우론 절대반지 깨어나고 악의 세력 세상 지배 해가며 중간계 혼란 한다 호빗 프로도 친구 엘프 레골라스 ’, 인간 전사 아라곤 보로 미르 드워프 김리 그리고 마법사 간달프 구성 반지원정대 평화 지키기 위해 절대반지 파괴 유일한 방법 반지 만들어진 모르 도르를 목숨 여정 떠난다 한편 점점 세력 넓혀 사우론 과의 없는 전쟁 앞둔 반지원정대 드디어 거대한 최후 전쟁 시작 하는데 ...',\n",
       " '경찰청 수사 기획 과장 최민식 국내 최대 범죄 조직 골드 기업 조직 으로 세력 점점 확장 되자 신입 경찰 이자성 이정재 에게 잠입 수사 한다 그리고 8년 자성 골드 문의 인자 이자 그룹 실세 정청 황정민 오른 팔이 되기에 이른다 우리 브라더 그냥 형님 믿으면 돼야 골드 회장 갑자기 사망 하자 과장 최민식 후계 결정 직접 개입 하는 신세계 작전 설계 눈물 없는 후계 전쟁 가운데 정청 황정민 8년 고향 여수 에서 처음 만나 지금 까지 친형 처럼 모든 순간 함께 자성 이정재 에게 더욱 강한 신뢰 보낸다 약속 했잖습니까 ... 이번 진짜 이라고 한편 작전 성공 생각 하는 과장 최민식 계속 해서 자성 이정재 조여 간다 시시각각 신분 노출 위기 자성 이정재 언제 자신 배신 모르는 경찰 형제 의리 대하 정청 황정민 사이 에서 갈등 하게 되는데',\n",
       " '불행한 사건 으로 아내 잃고 세상 등진 전당포 꾸려가며 외롭게 살아가는 전직 특수요원 태식 찾아오는 사람 이라곤 전당포 물건 맡기러 오는 사람 옆집 소녀 이다 세상 으로부터 버림 받은 미와 함께 보내는 시간 많아지면서 태식 미는 서로 마음 친구 되어 간다 그러던 어느 미가 갑자기 사라진다 엄마 범죄 사건 연루 되면서 같이 납치 되고 이다 미의 행방 쫓아 다시 세상 으로 나오게 태식 하나 친구 미를 위험 에서 지켜내기 위해 범죄 조직 모종 거래 하지만 미의 행방 여전히 묘연하고 경찰 태식 쫓기 시작 하면서 태식 범죄 조직 경찰 추격 받게 된다 과정 에서 베일 싸여 있던 태식 비밀스런 과거 드러나기 시작 하는데 …..',\n",
       " '해리 포터 다니엘 래드클리프 위압 버논 숙부 챠드 그리피스 냉담한 이모 페투니 피오 ), 욕심 많고 버릇 없는 사촌 더즐리 해리 에서 갖은 구박 견디며 계단 벽장 에서 생활 한다 이모 식구 역시 해리 와의 동거 불편하기는 마찬가지 이모 페투니아 에겐 해리 이상한 (?) 언니 부부 기억 떠올리게 만드는 갑지 않은 존재 11 생일 며칠 으로 다가왔지만 한번 생일 파티 치르거나 제대로 생일 선물 받아 없는 해리 로서 특별히 신날 기대 없다 11 생일 며칠 앞둔 어느 해리 에게 초록색 잉크 쓰여진 편지 배달 된다 편지 내용 다름 아닌 해리 11 생일 맞이 하여 전설 호그와트 마법 학교 에서 보낸 입학 초대장 이었다 그리고 해리 생일 축하 하러 거인 해그리드 해리 모르고 있었던 해리 진정한 정체 알려주는데',\n",
       " '아내 구해 하는 분노 티스 장고 돕는 정의 바운티 헌터 닥터 표적 욕망 마스터 캔디 복수 사슬 풀리면 남자 눈물 없는 대결 시작 된다 와일드 액션 로맨스 장고 분노 추적자 >!',\n",
       " '모태솔로 돔놀 리슨 성인 아버지 나이 로부터 놀랄만 가문 비밀 듣게 된다 바로 시간 되돌릴 있는 능력 있다는 그것 비록 히틀러 죽이거나 여신 뜨거운 사랑 없지만 여자친구 만들어 있으리 .. 위해 런던 으로 우연히 만난 사랑스러운 여인 메리 에게 반하게 된다 그녀 사랑 얻기 위해 자신 특별한 능력 마음껏 발휘 하는 어설픈 대시 어색한 웃음 와인 뜨거웠던 더욱 뜨겁게 리플레이 그리던 그녀 매일 최고 순간 보낸다 하지만 그녀 사랑 완벽해질 수록 둘러싼 주변 상황 미묘하게 엇갈리고 상치 사건 여기저기 나타나기 시작 하는데 어떠한 순간 다시 된다면 과연 완벽한 사랑 이룰 있을까',\n",
       " '위험한 미션 무사히 수행 평화롭게 우주 항해 하던 거대 함선 엔터프라이즈 최첨단 기지 에서 충전 시간 가지려던 엔터프라이즈 대원 정체 없는 존재 로부터 사상 최대 공격 당한다 상치 공격 으로 인해 엔터프라이즈 순식간 붕괴 되고 커크 함장 크리스 파인 비롯 대원 뿔뿔이 흩어져 낯선 행성 불시 착하게 된다 멈추지 않는 적의 공격 함선 모든 잃은 엔터프라이즈 대원 절체절명 위기 빠지게 되는데 …! 준비 끝났다 사상 최대 반격 시작 된다',\n",
       " '옵티머스 프라임 이상 인간 편이 아니다 트랜스포머 고향 사이버 트론 재건 위해 지구 있는 고대 유물 찾아 나선 옵티머스 프라임 인류 없는 갈등 오랜 동료 범블비 와도 치명 대결 해야만 하는데 영원한 영웅 없다 하나 세상 존재 하기 위해 다른 세상 멸망해야 한다',\n",
       " '오는 다시 돌아오겠다는 믿기 힘든 약속 남기고 세상 떠난 수아 ’. 그로 부터 1년 장마 시작 되는 어느 여름 세상 떠나기 전과 다름없는 모습 수아 나타난다 하지만 수아 우진 누구 인지 조차도 기억 하지 한다 다시 사랑 빠졌어 자신 기억 하지 해도 그녀 있다는 사실 만으로 행복 젖은 우진 자신 기억 하지 하는 와의 이야기 궁금한 수아 ’. 우진 들려주는 만남 사랑 데이트 행복 순간 함께 나누며 수아 우진 다시 사랑 빠지는데 기다려 주세요 지금 만나러 갑니다',\n",
       " 'MI 떠난 이후 들린 ’( 레아 세이 평화로운 일상 즐기던 제임스 본드 ’( 다니엘 레이 ). 어느 CIA 요원 펠릭스 ’( 제프리 라이트 찾아와 DNA 공격 가능한 새로운 형태 생화학 무기 유출 알린다 위험 세계 하기 위해 복귀 하게 제임스 본드 임무 수행 하는 과정 에서 새로운 MI 요원 노미 ’( 샤나 린치 만나고 모든 사건 배후 운명 으로 얽혀 있는 최악 ’( 라미 말렉 존재 한다는 알아낸다 위험천만 위기 감춰져 있던 비밀 밝혀지면서 작전 점점 예측 없는 상황 으로 치닫게 되는데 제임스 본드 마지막 미션 시작 된다',\n",
       " '세계 각국 정부 경제 완전히 붕괴 미래 다가온다 지난 20 세기 범한 잘못 세계 식량 부족 불러 왔고 NASA 해체 되었다 시공간 불가사의한 열리고 남은 에게는 탐험 인류 구해 하는 임무 지워진다 사랑 하는 가족 인류 라는 가족 위해 이제 희망 찾아 우주 간다 그리고 우린 찾을 이다 그랬듯이',\n",
       " '더욱 강력해진 포스 돌아온 레이 우주 어둠 으로 지배 하려는 카일 에게 대적 유일한 히로인 으로 거듭 난다 미래 운명 레이 든든한 조력자 이자 친구 ’, 함께 새로운 미래 험난한 여정 떠나고 악의 거대한 전쟁 마주 하게 된다 또한 카일 과의 없는 운명 대결 펼치게 되는데 전쟁 끝내고 새로운 전설 탄생 선택 받은 영웅 누가 인가 ?!']"
      ]
     },
     "execution_count": 2,
     "metadata": {},
     "output_type": "execute_result"
    }
   ],
   "source": [
    "from sklearn.feature_extraction.text import TfidfVectorizer\n",
    "from konlpy.tag import Okt\n",
    "\n",
    "# 단어 토큰화\n",
    "tk = Okt()\n",
    "tk_l = []\n",
    "for sentence in data['content']:\n",
    "    l = [word for word in tk.morphs(sentence) if len(word) > 1]  # 길이가 1이하인 단어 제외\n",
    "    tk_l.append(' '.join(l))\n",
    "tk_l"
   ]
  },
  {
   "cell_type": "code",
   "execution_count": 3,
   "id": "82da8d89",
   "metadata": {},
   "outputs": [],
   "source": [
    "# TF-IDF 계산\n",
    "tfidf_v = TfidfVectorizer()\n",
    "tfidf_m = tfidf_v.fit_transform(tk_l)"
   ]
  },
  {
   "cell_type": "markdown",
   "id": "dd6b78b8",
   "metadata": {},
   "source": [
    "### 3. 코사인 유사도 기반을 통한 영화 3종 추천"
   ]
  },
  {
   "cell_type": "code",
   "execution_count": 4,
   "id": "17f4d493",
   "metadata": {},
   "outputs": [
    {
     "data": {
      "text/plain": [
       "(18, 18)"
      ]
     },
     "execution_count": 4,
     "metadata": {},
     "output_type": "execute_result"
    }
   ],
   "source": [
    "from sklearn.metrics.pairwise import cosine_similarity\n",
    "\n",
    "# 코사인 유사도 계산\n",
    "cos = cosine_similarity(tfidf_m, tfidf_m)\n",
    "cos.shape  # 결과 확인"
   ]
  },
  {
   "cell_type": "code",
   "execution_count": 5,
   "id": "a4198b75",
   "metadata": {},
   "outputs": [
    {
     "data": {
      "text/plain": [
       "{'올드보이': 0,\n",
       " '노트북': 1,\n",
       " '미션임파서블': 2,\n",
       " '니모를찾아서': 3,\n",
       " '탑건': 4,\n",
       " '친절한금자씨': 5,\n",
       " '반지의제왕': 6,\n",
       " '신세계': 7,\n",
       " '아저씨': 8,\n",
       " '해리포터': 9,\n",
       " '장고': 10,\n",
       " '어바웃 타임': 11,\n",
       " '스타트렉': 12,\n",
       " '트랜스포머': 13,\n",
       " '지금만나러갑니다': 14,\n",
       " '007 노타임투다이': 15,\n",
       " '인터스텔라': 16,\n",
       " '스타워즈': 17}"
      ]
     },
     "execution_count": 5,
     "metadata": {},
     "output_type": "execute_result"
    }
   ],
   "source": [
    "# 영화제목과 인덱스 뽑아내기\n",
    "t_idx = dict(zip(data['name'], data.index))\n",
    "t_idx"
   ]
  },
  {
   "cell_type": "code",
   "execution_count": 6,
   "id": "96c171f6",
   "metadata": {},
   "outputs": [],
   "source": [
    "# 영화 추천 함수\n",
    "def ck_s_t1(t, cosine_sim = cos):\n",
    "    idx = t_idx[t]\n",
    "    c_sc = list(enumerate(cosine_sim[idx]))\n",
    "    c_sc = sorted(c_sc, key = lambda x: x[1], reverse = True)\n",
    "    m_i = c_sc[1:4]  # 자기 자신의 리뷰도 비교하기 때문에 유사도가 가장 높은 리뷰는 걸러줌. 영화 3종만 추천\n",
    "    m_idx = [i[0] for i in m_i]\n",
    "    return data['name'].iloc[m_idx]"
   ]
  },
  {
   "cell_type": "code",
   "execution_count": 14,
   "id": "9b2cd2ad",
   "metadata": {},
   "outputs": [
    {
     "data": {
      "text/plain": [
       "17     스타워즈\n",
       "13    트랜스포머\n",
       "7       신세계\n",
       "Name: name, dtype: object"
      ]
     },
     "execution_count": 14,
     "metadata": {},
     "output_type": "execute_result"
    }
   ],
   "source": [
    "ck_s_t1('반지의제왕')"
   ]
  },
  {
   "cell_type": "markdown",
   "id": "96031428",
   "metadata": {},
   "source": [
    "### 4. 맨하탄 유사도 기반을 통한 영화 3종 추천"
   ]
  },
  {
   "cell_type": "code",
   "execution_count": 18,
   "id": "1856ec2b",
   "metadata": {},
   "outputs": [
    {
     "data": {
      "text/plain": [
       "array([[0.        , 0.        , 0.        , ..., 0.        , 0.        ,\n",
       "        0.        ],\n",
       "       [0.        , 0.        , 0.        , ..., 0.        , 0.        ,\n",
       "        0.        ],\n",
       "       [0.        , 0.        , 0.        , ..., 0.        , 0.        ,\n",
       "        0.        ],\n",
       "       ...,\n",
       "       [0.        , 0.        , 0.        , ..., 0.        , 0.        ,\n",
       "        0.        ],\n",
       "       [0.        , 0.        , 0.        , ..., 0.        , 0.        ,\n",
       "        0.        ],\n",
       "       [0.        , 0.        , 0.        , ..., 0.00105638, 0.        ,\n",
       "        0.        ]])"
      ]
     },
     "execution_count": 18,
     "metadata": {},
     "output_type": "execute_result"
    }
   ],
   "source": [
    "import numpy as np\n",
    "\n",
    "# 정규화 함수\n",
    "def e_f(m):\n",
    "    return m / np.sum(m)\n",
    "\n",
    "e_data = e_f(tfidf_m)\n",
    "e_data.toarray()"
   ]
  },
  {
   "cell_type": "code",
   "execution_count": 10,
   "id": "aeb23c57",
   "metadata": {},
   "outputs": [
    {
     "data": {
      "text/plain": [
       "array([[0.        , 0.12309326, 0.13737192, 0.13630409, 0.13511452,\n",
       "        0.13206702, 0.1327997 , 0.14246995, 0.13124406, 0.12949654,\n",
       "        0.11548697, 0.13689516, 0.12783072, 0.12362878, 0.12418644,\n",
       "        0.13245999, 0.12883228, 0.12840268],\n",
       "       [0.12309326, 0.        , 0.10133398, 0.10356731, 0.10088358,\n",
       "        0.10843907, 0.09917546, 0.10881354, 0.10137679, 0.09612521,\n",
       "        0.08411786, 0.10785306, 0.09472715, 0.09251064, 0.09230931,\n",
       "        0.1020671 , 0.09501181, 0.09060689],\n",
       "       [0.13737192, 0.10133398, 0.        , 0.11342664, 0.10785391,\n",
       "        0.11842955, 0.10459558, 0.11628423, 0.11053606, 0.10698112,\n",
       "        0.0905544 , 0.11846839, 0.1024717 , 0.09812567, 0.1007764 ,\n",
       "        0.10215989, 0.09710807, 0.10344376],\n",
       "       [0.13630409, 0.10356731, 0.11342664, 0.        , 0.11094392,\n",
       "        0.11785092, 0.10705196, 0.11983395, 0.10771493, 0.10759345,\n",
       "        0.09628421, 0.1126728 , 0.10592282, 0.09956576, 0.10297029,\n",
       "        0.11222586, 0.10576543, 0.10348741],\n",
       "       [0.13511452, 0.10088358, 0.10785391, 0.11094392, 0.        ,\n",
       "        0.11936863, 0.10450267, 0.11962427, 0.1117067 , 0.10618286,\n",
       "        0.09283492, 0.11505727, 0.10373335, 0.10207973, 0.10265812,\n",
       "        0.11342603, 0.10258894, 0.10071271],\n",
       "       [0.13206702, 0.10843907, 0.11842955, 0.11785092, 0.11936863,\n",
       "        0.        , 0.11445798, 0.12379555, 0.11475286, 0.11230805,\n",
       "        0.09844512, 0.11646182, 0.10828422, 0.10753605, 0.10560645,\n",
       "        0.12070979, 0.1090956 , 0.10781151],\n",
       "       [0.1327997 , 0.09917546, 0.10459558, 0.10705196, 0.10450267,\n",
       "        0.11445798, 0.        , 0.11204309, 0.10542656, 0.10150808,\n",
       "        0.08795553, 0.11425029, 0.09917716, 0.09033542, 0.0973404 ,\n",
       "        0.10655084, 0.09915015, 0.08654511],\n",
       "       [0.14246995, 0.10881354, 0.11628423, 0.11983395, 0.11962427,\n",
       "        0.12379555, 0.11204309, 0.        , 0.11511858, 0.11419013,\n",
       "        0.10069556, 0.12490726, 0.11036744, 0.1076051 , 0.10816068,\n",
       "        0.11711514, 0.11206518, 0.10810801],\n",
       "       [0.13124406, 0.10137679, 0.11053606, 0.10771493, 0.1117067 ,\n",
       "        0.11475286, 0.10542656, 0.11511858, 0.        , 0.10722481,\n",
       "        0.09247427, 0.11513236, 0.10267904, 0.09761724, 0.09856913,\n",
       "        0.10772771, 0.10354753, 0.1022073 ],\n",
       "       [0.12949654, 0.09612521, 0.10698112, 0.10759345, 0.10618286,\n",
       "        0.11230805, 0.10150808, 0.11419013, 0.10722481, 0.        ,\n",
       "        0.08798383, 0.115174  , 0.097645  , 0.09378924, 0.09704319,\n",
       "        0.10650051, 0.10016326, 0.09800184],\n",
       "       [0.11548697, 0.08411786, 0.0905544 , 0.09628421, 0.09283492,\n",
       "        0.09844512, 0.08795553, 0.10069556, 0.09247427, 0.08798383,\n",
       "        0.        , 0.09910241, 0.08407195, 0.07926097, 0.08377456,\n",
       "        0.09332483, 0.08288077, 0.08305098],\n",
       "       [0.13689516, 0.10785306, 0.11846839, 0.1126728 , 0.11505727,\n",
       "        0.11646182, 0.11425029, 0.12490726, 0.11513236, 0.115174  ,\n",
       "        0.09910241, 0.        , 0.10708221, 0.10567603, 0.10180938,\n",
       "        0.11469795, 0.11015854, 0.11001899],\n",
       "       [0.12783072, 0.09472715, 0.1024717 , 0.10592282, 0.10373335,\n",
       "        0.10828422, 0.09917716, 0.11036744, 0.10267904, 0.097645  ,\n",
       "        0.08407195, 0.10708221, 0.        , 0.09253218, 0.09664168,\n",
       "        0.09607771, 0.09564257, 0.09404431],\n",
       "       [0.12362878, 0.09251064, 0.09812567, 0.09956576, 0.10207973,\n",
       "        0.10753605, 0.09033542, 0.1076051 , 0.09761724, 0.09378924,\n",
       "        0.07926097, 0.10567603, 0.09253218, 0.        , 0.08977986,\n",
       "        0.09882093, 0.08843017, 0.08956206],\n",
       "       [0.12418644, 0.09230931, 0.1007764 , 0.10297029, 0.10265812,\n",
       "        0.10560645, 0.0973404 , 0.10816068, 0.09856913, 0.09704319,\n",
       "        0.08377456, 0.10180938, 0.09664168, 0.08977986, 0.        ,\n",
       "        0.10327172, 0.09466472, 0.09621364],\n",
       "       [0.13245999, 0.1020671 , 0.10215989, 0.11222586, 0.11342603,\n",
       "        0.12070979, 0.10655084, 0.11711514, 0.10772771, 0.10650051,\n",
       "        0.09332483, 0.11469795, 0.09607771, 0.09882093, 0.10327172,\n",
       "        0.        , 0.10374431, 0.09769569],\n",
       "       [0.12883228, 0.09501181, 0.09710807, 0.10576543, 0.10258894,\n",
       "        0.1090956 , 0.09915015, 0.11206518, 0.10354753, 0.10016326,\n",
       "        0.08288077, 0.11015854, 0.09564257, 0.08843017, 0.09466472,\n",
       "        0.10374431, 0.        , 0.09444463],\n",
       "       [0.12840268, 0.09060689, 0.10344376, 0.10348741, 0.10071271,\n",
       "        0.10781151, 0.08654511, 0.10810801, 0.1022073 , 0.09800184,\n",
       "        0.08305098, 0.11001899, 0.09404431, 0.08956206, 0.09621364,\n",
       "        0.09769569, 0.09444463, 0.        ]])"
      ]
     },
     "execution_count": 10,
     "metadata": {},
     "output_type": "execute_result"
    }
   ],
   "source": [
    "from sklearn.metrics.pairwise import manhattan_distances\n",
    "\n",
    "# 맨하탄 유사도 검출\n",
    "mah = manhattan_distances(e_data, e_data)\n",
    "mah"
   ]
  },
  {
   "cell_type": "code",
   "execution_count": 11,
   "id": "b2f2b518",
   "metadata": {},
   "outputs": [],
   "source": [
    "# 영화 추천 함수\n",
    "def ck_s_t2(t, manhattean_dis = mah):\n",
    "    idx = t_idx[t]\n",
    "    m_sc = list(enumerate(mah[idx]))\n",
    "    m_sc = sorted(m_sc, key = lambda x: x[1])  # 오름차순(거리가 멀수록 유사도가 떨어지기때문)\n",
    "    m_i = m_sc[1:4]  # 자기 자신의 리뷰도 비교하기 때문에 유사도가 가장 높은 리뷰는 걸러줌. 영화 3종만 추천\n",
    "    m_idx = [i[0] for i in m_i]\n",
    "    return data['name'].iloc[m_idx]"
   ]
  },
  {
   "cell_type": "code",
   "execution_count": 16,
   "id": "65409a5c",
   "metadata": {},
   "outputs": [
    {
     "data": {
      "text/plain": [
       "17     스타워즈\n",
       "10       장고\n",
       "13    트랜스포머\n",
       "Name: name, dtype: object"
      ]
     },
     "execution_count": 16,
     "metadata": {},
     "output_type": "execute_result"
    }
   ],
   "source": [
    "ck_s_t2('반지의제왕')"
   ]
  },
  {
   "cell_type": "code",
   "execution_count": null,
   "id": "9c52fd6e",
   "metadata": {},
   "outputs": [],
   "source": []
  }
 ],
 "metadata": {
  "kernelspec": {
   "display_name": "Python 3 (ipykernel)",
   "language": "python",
   "name": "python3"
  },
  "language_info": {
   "codemirror_mode": {
    "name": "ipython",
    "version": 3
   },
   "file_extension": ".py",
   "mimetype": "text/x-python",
   "name": "python",
   "nbconvert_exporter": "python",
   "pygments_lexer": "ipython3",
   "version": "3.9.7"
  }
 },
 "nbformat": 4,
 "nbformat_minor": 5
}
